tol = [1e-3,1e-8,1e-13];
e = (1/100) * linspace(1,100,100);
